516.80
519.71
516.34
517.13
517.12
511.89
520.36
518.22
522.37
521.90
517.53
515.70
520.90
521.14
518.08
513.02
519.28
520.14
516.37
525.18
518.15
518.82
521.99
518.50
518.08
520.32
515.41
516.78
520.05
518.23
520.71
518.80
519.23
519.07
518.85
520.14
518.78
516.95
517.30
518.30
517.67
520.74
520.00
519.78
519.69
521.06
517.25
518.09
518.84
518.89
517.02
523.57
518.58
518.07
519.53
519.49
518.79
521.65
519.99
520.52
520.30
518.11
520.52
517.98
520.00
519.15
517.40
519.22
520.21
521.79
518.73
516.74
518.77
518.61
520.87
520.89
521.59
515.86
520.22
520.40
520.05
521.36
517.79
518.81
519.58
518.00
519.00
519.83
518.55
517.76
521.00
517.57
521.52
519.74
519.65
521.30
520.85
518.84
514.03
521.56
