200.56
193.53
193.39
203.03
193.46
199.72
193.22
194.75
193.53
193.24
193.36
200.28
199.48
194.63
196.76
193.25
193.21
193.80
201.80
192.69
196.52
196.45
193.62
202.05
193.26
193.29
201.65
193.35
193.22
201.85
192.77
193.02
193.07
193.25
199.88
195.43
193.18
192.96
199.83
192.61
200.31
193.17
193.20
194.07
200.58
199.54
192.84
202.47
193.44
193.15
200.49
193.35
193.53
200.77
194.45
201.44
193.24
193.84
192.57
200.50
192.97
201.17
200.58
202.92
199.67
203.44
193.47
198.58
193.34
200.19
193.22
196.89
200.94
192.88
193.55
201.94
193.26
193.62
200.57
200.86
193.59
203.13
201.85
193.63
200.60
193.60
193.34
193.22
201.97
193.36
192.49
198.88
193.35
194.59
192.95
193.53
193.17
202.38
201.90
193.12
