18.89
19.09
20.36
19.15
19.72
24.07
20.66
19.30
20.27
18.70
19.60
20.25
19.02
19.52
21.33
26.17
17.74
18.53
19.02
18.16
29.71
17.95
22.06
17.66
18.34
20.67
21.23
18.36
17.57
21.20
19.86
19.24
17.76
18.71
20.66
21.00
19.74
19.54
18.18
18.97
19.23
17.84
18.80
17.80
18.89
19.78
18.47
20.58
26.38
19.31
18.18
18.25
20.94
17.42
20.70
17.96
20.47
21.64
20.57
20.18
18.82
18.48
17.31
18.44
18.95
20.20
18.51
20.23
19.95
19.94
19.64
18.45
17.67
28.34
20.16
22.87
19.81
17.00
19.60
18.37
21.43
18.10
21.29
18.85
20.69
19.21
17.95
17.39
17.75
19.31
18.85
20.87
20.58
17.67
20.94
19.99
20.24
20.38
21.47
20.72
