19.57
20.07
19.36
19.24
19.79
19.20
19.86
20.39
20.48
19.74
19.16
20.24
19.59
20.00
19.92
19.00
19.37
20.04
20.43
19.72
19.60
20.43
19.22
19.76
19.57
20.86
19.65
19.68
19.36
19.72
19.89
19.43
19.70
19.27
20.14
19.87
19.24
19.31
20.05
19.08
20.80
19.52
19.34
19.29
19.70
19.82
19.41
20.10
20.41
20.15
19.82
20.01
19.56
19.41
19.34
19.79
19.75
20.29
19.99
20.83
19.93
20.05
21.62
19.04
19.36
19.77
20.01
19.79
19.47
20.01
19.75
19.58
19.70
19.95
19.52
19.91
19.65
20.07
19.80
19.05
19.60
19.68
19.74
19.57
19.75
19.29
19.69
19.33
19.97
19.86
19.78
19.78
19.35
20.48
19.91
20.16
19.85
19.43
22.69
22.32
