13.15
11.56
13.23
11.12
12.80
13.32
11.12
9.55
12.32
13.33
13.03
9.86
12.94
10.16
12.78
12.79
12.14
12.07
12.40
13.17
12.41
9.98
11.76
11.82
12.31
12.67
12.24
13.12
11.03
10.16
12.11
12.66
10.01
11.96
11.08
12.28
11.30
13.24
11.91
10.86
11.23
10.53
11.07
10.59
11.29
11.54
11.52
12.36
12.18
12.12
12.67
13.44
12.68
12.78
13.10
10.45
12.00
12.94
11.93
11.96
9.77
10.24
9.04
12.50
12.85
11.25
12.44
11.11
10.69
13.19
12.78
11.06
14.03
13.27
11.38
13.06
11.04
10.89
9.72
12.81
13.16
13.06
10.16
11.58
10.70
10.65
12.54
10.11
11.76
13.07
13.15
13.49
13.32
12.70
10.49
12.42
12.50
11.83
13.40
10.31
