8.46
8.09
7.97
5.88
8.39
8.24
5.08
8.18
7.61
7.89
8.04
8.51
8.13
6.88
8.43
5.54
8.21
8.11
5.28
8.13
8.09
6.83
7.90
6.32
5.27
7.99
8.03
7.06
7.01
7.01
8.51
8.42
8.63
8.49
8.64
8.42
6.54
7.27
8.46
5.53
7.64
4.54
8.48
5.19
7.63
8.64
8.79
8.02
7.81
6.74
8.07
5.73
8.65
8.27
8.11
7.22
7.85
8.33
8.26
8.52
8.51
8.23
6.05
6.29
7.83
8.28
8.21
7.91
6.83
8.21
8.43
6.94
7.31
8.38
6.06
8.80
8.54
8.51
8.46
8.46
8.15
6.86
8.42
7.74
8.61
8.42
7.04
6.90
8.53
8.02
8.44
7.67
4.91
8.74
5.49
8.71
6.70
8.24
7.86
8.18
