51.61
52.76
50.63
52.06
52.52
53.78
50.07
52.89
49.74
50.65
51.38
51.85
50.47
50.19
52.02
52.42
53.83
51.29
53.50
51.04
53.49
49.33
53.59
51.80
50.34
51.47
53.25
49.71
53.57
54.50
52.58
50.83
53.75
53.44
54.67
49.70
52.49
50.38
51.66
52.89
51.80
50.59
49.23
49.57
53.98
51.54
50.99
54.17
50.82
51.06
51.91
50.64
51.18
50.31
51.16
50.88
50.11
53.48
53.30
51.98
53.83
51.67
49.94
49.83
53.42
51.92
52.67
52.73
50.12
50.10
50.14
49.39
52.39
50.73
50.09
50.32
51.80
49.29
50.42
50.93
51.66
51.98
50.76
48.86
50.32
51.27
52.76
53.35
49.47
51.80
49.89
50.62
50.97
53.39
53.36
53.35
50.69
51.31
51.31
51.40
