1035.42
1028.54
952.40
959.48
1031.17
961.48
965.05
960.24
1039.61
998.86
1041.51
941.83
961.32
956.25
1034.64
1038.83
962.04
1026.34
1017.38
996.94
945.19
1044.43
1030.10
1033.27
1035.71
1016.31
1040.61
1037.46
1040.13
1040.70
1021.97
1029.66
1013.80
1032.32
1033.52
948.99
943.75
944.03
957.50
945.96
1044.89
1010.00
992.17
1014.60
1039.25
966.80
1026.87
975.75
1028.21
1041.88
1042.99
1041.57
1024.98
1030.73
1035.57
1012.21
1039.15
1016.00
1004.31
947.02
956.27
1037.83
1008.36
1042.57
1035.75
1026.56
1041.37
990.11
1032.65
1027.28
1034.62
1026.99
1042.20
1014.69
1033.55
1041.56
1039.51
992.12
1012.97
1015.55
955.91
1029.89
1010.42
961.58
1010.88
993.71
1037.20
1036.87
1001.97
1039.52
1036.53
1039.64
1034.16
1035.97
994.80
1031.18
1035.17
1009.15
968.67
