29.00
26.88
29.65
27.10
26.86
50.00
27.16
26.52
51.36
26.34
26.02
27.08
27.28
28.63
25.50
26.62
25.44
25.36
27.22
27.55
26.20
27.06
28.88
27.66
26.00
27.26
27.63
27.15
28.49
24.88
27.21
26.93
28.93
26.27
25.90
28.08
28.31
28.18
25.04
27.17
24.37
25.17
28.09
27.32
25.53
24.93
38.70
26.59
26.30
27.92
27.71
26.03
28.48
26.50
27.95
24.65
27.51
27.75
24.21
27.85
26.87
51.52
52.25
28.55
26.81
27.18
26.08
28.32
36.77
27.29
25.31
24.95
24.79
24.42
25.37
25.29
26.37
24.89
24.48
25.46
23.66
24.61
27.44
26.00
24.66
27.01
25.63
28.75
42.63
44.44
24.07
24.21
24.61
24.03
27.82
24.97
23.33
48.06
25.15
23.07
