40.20
42.31
53.75
41.28
40.80
56.58
60.78
41.84
41.03
42.04
42.18
41.45
39.73
40.80
43.31
39.49
41.39
40.58
65.27
41.70
43.57
41.17
44.06
40.41
42.26
62.76
43.05
40.63
40.79
39.72
56.30
39.67
41.79
41.28
42.14
41.88
41.25
42.70
41.63
41.74
43.87
42.46
42.47
41.63
40.70
41.68
42.68
39.89
41.05
41.17
41.51
39.14
39.67
38.78
42.95
58.02
40.62
39.72
39.88
39.12
40.60
40.37
40.94
40.13
56.43
41.77
41.90
40.69
42.91
42.33
43.11
53.89
45.32
43.25
55.27
41.21
43.03
38.60
41.42
41.26
44.04
42.81
40.23
40.80
40.79
39.58
40.31
44.21
44.20
40.85
43.34
37.80
41.59
39.84
43.30
37.83
43.37
39.68
41.83
40.50
