42.12
40.76
41.27
40.85
43.13
64.81
40.01
39.50
40.41
41.46
42.17
54.44
36.89
41.16
39.99
42.25
40.99
43.67
42.96
38.13
42.47
53.52
41.13
60.51
39.49
41.11
41.81
41.05
38.95
41.17
35.35
39.78
41.32
64.17
41.78
38.32
42.81
38.85
42.23
40.51
42.31
42.16
40.55
42.63
41.78
39.27
40.97
37.99
41.62
60.74
41.16
38.95
42.32
41.63
40.85
37.92
42.07
51.51
40.17
38.17
40.07
38.34
39.94
40.48
39.48
40.01
54.49
52.83
42.38
40.32
38.47
41.34
40.23
40.80
42.16
41.53
43.58
39.61
41.98
42.02
42.51
38.10
42.54
55.54
40.87
41.46
40.48
41.25
41.81
40.50
41.12
36.10
41.65
39.30
42.67
37.95
40.16
38.86
40.45
39.80
