226.79
227.90
227.66
228.83
226.90
229.41
227.44
227.41
227.66
227.72
227.01
227.63
227.45
228.44
227.52
227.49
228.46
227.61
227.76
227.46
228.03
227.54
227.26
225.92
227.94
228.22
227.53
228.32
227.63
227.85
228.23
228.06
227.53
227.86
227.30
227.33
227.03
227.65
226.83
227.29
228.44
228.60
227.86
227.41
227.79
228.80
227.96
228.28
227.77
227.84
227.32
228.50
228.00
228.56
226.54
227.84
228.05
228.09
228.44
228.28
227.82
227.22
227.01
228.67
228.81
227.37
227.42
228.35
226.53
227.28
227.70
227.82
227.75
228.28
227.40
229.54
227.89
228.01
226.94
228.76
227.13
228.35
227.87
227.90
227.50
227.71
227.66
228.43
227.90
228.23
227.48
228.45
228.34
228.44
228.03
227.66
227.26
227.20
228.25
227.84
