113.55
113.66
114.56
114.57
113.91
114.40
114.12
114.28
115.61
114.37
114.52
114.41
113.81
113.81
114.32
114.02
114.02
113.83
114.03
113.54
114.20
114.16
114.20
114.60
114.44
114.60
113.75
114.09
114.54
114.01
114.23
113.89
114.28
113.42
114.32
113.63
114.36
114.19
114.85
114.18
113.88
113.64
114.11
114.33
114.30
112.40
113.66
114.26
114.78
114.12
114.01
114.51
113.76
114.63
113.35
114.59
114.07
114.59
113.73
114.15
113.74
113.91
114.64
114.51
113.89
113.68
114.59
114.53
113.94
113.83
114.15
114.89
114.00
113.85
113.43
113.94
114.25
114.06
114.68
114.29
114.59
113.97
113.67
113.37
114.00
114.83
114.48
114.52
113.92
114.43
113.79
113.93
113.96
113.82
113.50
114.16
114.08
113.52
114.02
114.24
