12143.40
12546.49
12287.74
12279.75
12797.67
12328.68
12520.37
12562.07
12414.86
12263.68
11934.34
12541.45
12559.57
12369.96
12449.84
12275.11
12195.77
12472.45
12626.13
12476.94
12404.38
12377.91
12531.18
12543.55
12288.66
12123.24
12210.23
12690.04
12314.93
12375.49
12313.25
12225.06
12313.75
12143.19
12534.28
12690.87
12227.26
12340.29
12334.90
12107.70
12460.74
12427.16
12267.76
12095.37
12435.96
12245.18
12353.85
11952.23
12415.47
12279.63
12468.24
12287.51
12286.77
12199.92
12382.39
12316.50
12295.72
12404.35
12449.10
12683.41
12396.43
12232.90
10687.39
11867.42
12358.42
12227.56
12233.45
12264.99
12065.22
12199.18
12127.75
12200.68
12283.94
12275.70
12201.25
12466.74
12119.61
12459.36
12197.41
12104.78
12570.51
12573.74
11974.55
12284.81
12666.98
12446.17
12332.75
12023.32
12483.08
12288.23
12391.74
12259.96
12371.60
12233.86
12511.48
12030.25
11950.93
11955.03
12436.21
12045.79
