169.94
169.90
169.97
169.96
169.98
169.94
169.89
169.88
169.91
169.93
169.96
170.06
169.92
169.06
170.22
169.99
170.25
170.01
169.91
169.99
169.94
169.90
169.94
169.94
170.03
169.96
170.02
169.98
169.37
170.00
169.96
169.90
169.93
169.96
169.90
169.88
169.92
169.96
169.93
169.92
169.89
169.96
169.95
169.95
169.51
170.01
169.92
169.95
169.90
169.93
169.92
169.89
169.97
169.91
169.96
170.00
169.95
169.95
169.93
169.96
169.93
169.95
169.90
169.95
169.96
169.90
169.94
169.58
169.95
169.89
169.98
169.91
170.54
170.04
169.98
169.91
169.93
169.93
170.05
169.92
169.94
169.98
169.99
169.51
169.94
169.88
169.94
169.90
169.93
169.89
169.95
169.88
169.94
170.01
169.93
169.96
169.99
170.04
169.94
169.93
