235.79
239.95
247.78
235.54
242.54
247.31
238.85
233.83
234.28
234.00
235.15
236.91
235.76
233.67
235.09
235.00
241.20
232.81
233.19
241.03
234.93
232.75
242.42
235.19
232.71
233.63
235.12
237.73
232.42
239.39
235.60
246.43
234.13
246.01
241.31
235.24
233.18
248.41
241.04
237.19
233.93
247.64
237.36
234.11
231.42
242.08
232.51
235.80
232.97
237.20
236.78
235.87
234.08
232.53
235.86
234.87
233.66
242.55
244.29
246.69
232.18
233.68
233.81
241.83
241.27
244.23
230.66
245.63
234.70
235.96
237.73
249.26
232.33
233.40
231.77
235.69
239.85
243.46
242.48
234.12
237.37
236.95
234.30
235.22
242.39
235.47
234.06
233.76
241.39
235.69
239.71
240.42
242.65
230.99
230.65
232.72
243.32
234.88
231.18
235.66
